-31.402999877929688 -26.87700080871582 -36.095001220703125
-30.05900001525879 -26.492000579833984 -35.62900161743164
-29.204999923706055 -26.136999130249023 -36.854000091552734
-30.08099937438965 -25.31999969482422 -34.70000076293945
-29.65999984741211 -25.452999114990234 -33.560001373291016
-30.628999710083008 -24.166000366210938 -35.15399932861328
-30.97100067138672 -22.975000381469727 -34.387001037597656
-31.242000579833984 -21.746999740600586 -35.30699920654297
-31.33799934387207 -20.391000747680664 -34.58599853515625
-31.18400001525879 -20.326000213623047 -33.34400177001953
-31.56800079345703 -19.382999420166016 -35.303001403808594
-32.17900085449219 -23.23900032043457 -33.516998291015625
-32.35200119018555 -22.658000946044922 -32.457000732421875
-33.069000244140625 -24.135000228881836 -33.96699905395508
-34.27399826049805 -24.486000061035156 -33.27899932861328
-35.27000045776367 -25.10300064086914 -34.268001556396484
-33.98899841308594 -25.474000930786133 -32.16699981689453
-34.808998107910156 -25.648000717163086 -31.27199935913086
